1, 1.0, 877, 541, 130, 350, 5, 1
5, 1.4, 887, 557, 114, 30, 90, 130, 350, 4, 0, -4, 2
1, 1.8, 773, 618, 130, 350, 5, 3
2, 2.2, 743, 494, 100, -102, 130, 350, 5, 3, 4
3, 2.6, 843, 367, 100, 34, 130, 350, 5, 3, 5
1, 3.4, 760, 271, 130, 350, 5, 6
3, 3.8, 641, 300, 100, 146, 130, 350, 5, 3, 7
5, 4.6, 911, 465, 218, -96, -60, 130, 350, 4, 0, -3, 8
1, 5.0, 1108, 372, 130, 350, 5, 9
1, 5.4, 1056, 491, 130, 350, 5, 10
2, 5.8, 460, 445, 100, 50, 130, 350, 5, 3, 1
2, 6.2, 448, 620, 100, 26, 130, 350, 5, 3, 2
2, 6.6, 493, 780, 100, 8, 130, 350, 5, 3, 3
1, 7.0, 721, 816, 130, 350, 5, 4
4, 7.4, 746, 771, 100, -4, -92, 130, 350, 5, 0, 4, 5
5, 7.8, 740, 613, 100, -160, -66, 130, 350, 4, 0, -4, 6
3, 8.2, 889, 582, 100, 406, 130, 350, 5, 3, 7
1, 9.0, 782, 467, 130, 350, 5, 8
1, 9.4, 625, 401, 130, 350, 5, 9
1, 9.8, 763, 313, 130, 350, 5, 10
2, 10.2, 551, 359, 100, 24, 130, 350, 5, 3, 1
2, 10.6, 866, 355, 100, 204, 130, 350, 5, 3, 2
2, 11.0, 654, 257, 100, -154, 130, 350, 5, 3, 3
1, 11.4, 441, 299, 130, 350, 5, 4
3, 11.8, 553, 358, 100, 24, 130, 350, 5, 3, 5
2, 12.6, 440, 422, 100, 78, 130, 350, 5, 3, 6
1, 13.0, 519, 686, 130, 350, 5, 1
1, 13.4, 909, 499, 130, 350, 5, 2
1, 13.8, 747, 334, 130, 350, 5, 3
1, 14.2, 649, 847, 130, 350, 5, 4
2, 14.6, 820, 766, 100, 20, 130, 350, 5, 3, 5
2, 15.0, 583, 378, 100, -154, 130, 350, 5, 3, 6
2, 15.4, 323, 384, 100, 26, 130, 350, 5, 3, 1
1, 15.8, 509, 631, 130, 350, 5, 2
1, 16.2, 721, 442, 130, 350, 5, 3
1, 16.6, 759, 650, 130, 350, 5, 4
4, 17.0, 858, 417, 100, 48, -46, 130, 350, 5, 0, 4, 5
1, 17.4, 830, 233, 130, 350, 5, 6
1, 17.6, 782, 350, 130, 350, 5, 1
2, 18.0, 779, 364, 100, 144, 130, 350, 5, 3, 2
1, 18.2, 521, 522, 130, 350, 5, 3
2, 18.6, 532, 532, 100, 46, 130, 350, 5, 3, 4
1, 18.8, 728, 730, 130, 350, 5, 5
2, 19.2, 739, 719, 100, -64, 130, 350, 5, 3, 6
4, 19.6, 799, 452, 100, -76, -170, 130, 350, 5, 0, 4, 1
1, 20.0, 711, 581, 130, 350, 5, 2
3, 20.4, 839, 518, 100, -44, 130, 350, 5, 3, 3
1, 21.2, 749, 612, 130, 350, 5, 4
3, 21.6, 857, 681, 100, 30, 130, 350, 5, 3, 5
1, 22.0, 649, 709, 130, 360, 5, 1
1, 22.05, 640, 699, 130, 355, 5, 2
1, 22.1, 632, 687, 130, 350, 5, 3
1, 22.4, 488, 636, 130, 350, 5, 1
1, 22.7, 793, 261, 130, 350, 5, 2
1, 23.0, 951, 564, 130, 350, 5, 3
1, 23.3, 635, 274, 130, 350, 5, 4
1, 23.6, 567, 755, 130, 350, 5, 5
3, 24.0, 890, 671, 110, 44, 130, 350, 5, 3, 6
1, 24.5, 823, 564, 130, 350, 5, 1
1, 24.55, 819, 576, 130, 350, 5, 2
1, 24.6, 816, 588, 130, 350, 5, 3
2, 25.1, 660, 740, 100, 230, 130, 350, 5, 3, 4
2, 25.5, 571, 574, 100, 286, 130, 350, 5, 3, 5
1, 25.6, 669, 357, 130, 350, 5, 6
1, 25.65, 701, 345, 130, 350, 5, 7
1, 25.7, 739, 333, 130, 350, 5, 8
1, 25.75, 774, 322, 130, 350, 5, 9
1, 25.8, 808, 313, 130, 350, 5, 10
3, 26.2, 955, 340, 100, 26, 130, 350, 5, 3, 11
1, 26.45, 585, 232, 130, 350, 5, 1
1, 26.5, 555, 238, 130, 350, 5, 2
1, 26.55, 525, 250, 130, 350, 5, 3
1, 26.6, 500, 269, 130, 350, 5, 4
1, 26.65, 479, 292, 130, 350, 5, 5
1, 26.7, 464, 320, 130, 350, 5, 6
1, 26.75, 453, 347, 130, 350, 5, 7
1, 26.8, 446, 378, 130, 350, 5, 8
2, 27.2, 488, 670, 100, 30, 130, 350, 5, 3, 1
2, 27.6, 767, 663, 100, 208, 130, 350, 5, 3, 2
2, 28.0, 856, 427, 100, 116, 130, 350, 5, 3, 3
2, 28.4, 900, 618, 100, 26, 130, 350, 5, 3, 4
1, 29.2, 406, 288, 130, 350, 5, 1
2, 29.65, 483, 419, 136, 30, 130, 350, 5, 4, 2
1, 29.85, 747, 563, 130, 350, 5, 3
3, 30.25, 907, 557, 150, -64, 130, 350, 5, 4, 4
4, 31.05, 912, 567, 150, 122, 42, 130, 350, 5, 0, 4, 5
1, 31.25, 1083, 534, 130, 350, 5, 6
2, 31.65, 970, 458, 150, -154, 130, 350, 5, 4, 7
1, 31.85, 711, 361, 130, 350, 5, 8
6, 36.00